
2. 6172 / 2.041015625
3. 6562 / 5.040283203125
4. 6938 / 2.003173828125
5. 5789 / 3.048095703125
6. 5845 / 2.0146484375
7. 6468 / 4.97900390625
8. 7100 / 4.053466796875
9. 6136 / 2.005126953125
2. 5526 / 2.04052734375
3. 6083 / 5.046630859375
4. 7303 / 2.000732421875
5. 6880 / 1.996337890625
6. 6132 / 1.99462890625
7. 7071 / 5.10791015625
8. 7195 / 4.002685546875
9. 6165 / 2.999267578125
2. 5908 / 1.999755859375
3. 6207 / 5.047607421875
2. 5834 / 2.0009765625
3. 6333 / 4.042724609375
2. 5620 / 2.0537109375
3. 6817 / 5.03466796875
2. 7242 / 6.01025390625
3. 7020 / 8.048095703125
2. 9724 / 5.003173828125
3. 10804 / 5.005859375
2. 5978 / 0.0
3. 6204 / 0.0
2. 6471 / 0.0
3. 6684 / 0.0
3. 7168 / 1.02294921875
3. 14275 / 0.404296875
3. 15226 / 0.675537109375
3. 13947 / 0.28955078125
3. None / 0.0
3. None / 0.0
3. None / 0.999267578125
3. None / 0.0
3. None / 6.99755859375
3. None / 27.0009765625
3. None / 40.026123046875
3. None / 35.636474609375
3. None / 20.0048828125
3. None / 11.986572265625
3. None / 16.01025390625
3. 5880 / 17.952880859375
3. 6087 / 34.23828125
3. 6029 / 22.965576171875
3. 6784 / 34.4892578125
3. 5923 / 29.54052734375
3. 5898 / 24.862060546875
3. 6032 / 3.003662109375
3. 6340 / 2.997802734375
3. 5982 / 4.00244140625
3. 6027 / 10.6044921875
3. 6624 / 15.0
3. 6104 / 3.0576171875
3. 6071 / 4.000732421875
3. 6561 / 4.96630859375
3. 5979 / 4.001708984375
3. 6744 / 4.009765625
3. 6324 / 4.001220703125
3. 5964 / 4.000732421875
3. 6536 / 4.000244140625
